REPORTE DE CLASIFICACIÓN
==================================================

              precision    recall  f1-score   support

           3       0.00      0.00      0.00         4
           4       0.50      0.06      0.11        33
           5       0.64      0.57      0.60       291
           6       0.57      0.79      0.66       440
           7       0.64      0.36      0.46       176
           8       1.00      0.26      0.41        35
           9       0.00      0.00      0.00         1

    accuracy                           0.60       980
   macro avg       0.48      0.29      0.32       980
weighted avg       0.61      0.60      0.58       980
