REPORTE DE CLASIFICACIÓN
==================================================

              precision    recall  f1-score   support

           3       0.00      0.00      0.00         4
           4       0.00      0.00      0.00        33
           5       0.61      0.58      0.59       291
           6       0.52      0.76      0.62       440
           7       0.53      0.19      0.28       176
           8       0.00      0.00      0.00        35
           9       0.00      0.00      0.00         1

    accuracy                           0.55       980
   macro avg       0.24      0.22      0.21       980
weighted avg       0.51      0.55      0.50       980
