REPORTE DE CLASIFICACIÓN
==================================================

              precision    recall  f1-score   support

           3       0.00      0.00      0.00         4
           4       0.64      0.21      0.32        33
           5       0.70      0.65      0.67       291
           6       0.63      0.80      0.71       440
           7       0.70      0.47      0.56       176
           8       1.00      0.54      0.70        35
           9       0.00      0.00      0.00         1

    accuracy                           0.66       980
   macro avg       0.52      0.38      0.42       980
weighted avg       0.67      0.66      0.65       980
